<?xml version="1.0" standalone="no"?>
<!DOCTYPE svg PUBLIC "-//W3C//DTD SVG 20010904//EN"
 "http://www.w3.org/TR/2001/REC-SVG-20010904/DTD/svg10.dtd">
<svg version="1.0" xmlns="http://www.w3.org/2000/svg"
 width="165.000000pt" height="306.000000pt" viewBox="0 0 165.000000 306.000000"
 preserveAspectRatio="xMidYMid meet">
<metadata>
Created by potrace 1.15, written by Peter Selinger 2001-2017
</metadata>
<g transform="translate(0.000000,306.000000) scale(0.100000,-0.100000)"
fill="#000000" stroke="none">
<path d="M781 2881 c-8 -5 -20 -7 -28 -4 -12 5 -34 -11 -124 -86 -63 -54 -98
-140 -103 -251 -1 -25 -12 -67 -24 -94 -26 -56 -28 -108 -7 -126 21 -17 19
-59 -5 -95 -24 -36 -26 -98 -5 -148 8 -20 15 -55 15 -77 0 -22 5 -40 10 -40 6
0 10 5 10 11 0 6 13 1 28 -10 29 -21 52 -14 52 15 0 7 4 15 9 18 5 4 7 -3 4
-14 -3 -11 0 -20 5 -20 17 0 32 35 32 75 l0 37 35 -31 c20 -17 42 -31 50 -31
27 0 15 -15 -36 -45 -91 -53 -133 -134 -150 -284 -5 -47 -16 -116 -24 -152 -8
-36 -17 -149 -21 -250 -8 -246 -19 -337 -43 -363 -43 -46 -64 -116 -66 -221
-3 -116 -12 -151 -73 -297 -43 -105 -46 -108 -113 -158 -72 -54 -79 -64 -53
-74 21 -8 480 -8 931 1 342 6 361 7 372 26 7 10 8 16 2 13 -6 -4 -17 8 -24 26
-8 18 -32 51 -54 73 -39 39 -40 42 -48 130 -8 102 -28 161 -56 170 -11 4 -28
25 -39 48 -105 237 -106 242 -114 354 -4 52 -14 100 -28 130 -19 42 -23 73
-29 248 -4 110 -11 225 -16 255 -19 110 -86 238 -149 287 -19 14 -34 31 -34
39 0 7 -9 19 -20 27 -20 14 -20 14 5 31 21 14 25 14 25 2 0 -8 6 -21 14 -28 8
-8 15 -23 17 -33 7 -33 29 -29 29 4 0 37 12 40 33 9 18 -28 33 -18 17 12 -8
14 -8 26 -2 32 6 6 14 -2 21 -23 6 -18 14 -29 17 -26 10 9 11 87 2 93 -14 9
-9 63 8 89 13 20 15 54 12 213 -3 187 -3 189 -30 228 -16 22 -28 50 -28 62 0
34 -58 129 -93 154 -18 12 -44 35 -59 50 -28 30 -35 33 -57 19z m33 -290 c5
-44 3 -58 -9 -67 -23 -17 -18 -22 25 -22 38 -1 52 10 30 23 -5 3 -10 23 -10
43 1 29 3 33 10 20 16 -26 38 -169 33 -209 -3 -23 2 -51 12 -73 14 -29 17 -54
13 -117 -5 -79 -6 -81 -47 -122 -37 -38 -46 -42 -91 -42 -44 0 -53 4 -90 40
l-42 40 7 83 c4 49 2 110 -5 151 -10 58 -9 75 3 103 28 61 37 101 37 155 0 47
4 56 33 83 l32 29 26 -31 c19 -22 29 -49 33 -87z"/>
</g>
</svg>
